8.847679376602173
1.074485557153821
-6.34539258480072
-11.72999066114426
-15.655482172966
-18.33092904090881
-19.87666177749634
-20.60483741760254
-20.66496336460114
-19.86303317546844
-18.24416470527649
-15.52193504571915
-11.49322032928467
-5.897428184747696
1.850880358368158
9.27154541015625
10.45718395709991
10.58986532688141
10.68934965133667
10.73663651943207
10.85867935419083
10.87017661333084
10.91271406412125
10.90589094161987
10.92052710056305
10.90349876880646
10.89328825473785
10.87816828489304
10.75711631774902
10.68084412813187
10.59173673391342
10.46636408567429
