4.633566111326218
-3.239591628313065
-9.353995263576508
-13.77915632724762
-17.07993519306183
-19.21170377731323
-20.51351034641266
-21.15419399738312
-21.13338887691498
-20.52838289737701
-19.18051433563232
-16.99801027774811
-13.76369500160217
-9.170458257198334
-2.814175173640251
4.981539592146873
12.19112867116928
12.28486150503159
12.38385951519012
12.46302133798599
12.52202320098877
12.52521711587906
12.56234103441238
12.59395676851273
12.61283040046692
12.5545243024826
12.55848300457001
12.50882178544998
12.48307132720947
12.39779949188232
12.32639729976654
12.22844690084457
